0.000000
0.100167
0.200334
0.300501
0.400668
0.500835
0.601002
0.701169
0.801336
0.901502
1.001669
1.101836
1.202003
1.302170
1.402337
1.502504
1.602671
1.702838
1.803005
1.903172
2.003339
2.103506
2.203673
2.303840
2.404007
2.504174
2.604341
2.704508
2.804675
2.904841
3.005008
3.105175
3.205342
3.305509
3.405676
3.505843
3.606010
3.706177
3.806344
3.906511
4.006678
4.106845
4.207012
4.307178
4.407346
4.507513
4.607679
4.707847
4.808013
4.908180
5.008348
5.108514
5.208681
5.308848
5.409015
5.509182
5.609349
5.709516
5.809683
5.909850
6.010017
6.110184
6.210351
6.310518
6.410685
6.510851
6.611019
6.711185
6.811352
6.911520
7.011686
7.111853
7.212020
7.312187
7.412354
7.512521
7.612688
7.712855
7.813022
7.913189
8.013355
8.113523
8.213690
8.313856
8.414023
8.514191
8.614357
8.714524
8.814692
8.914858
9.015025
9.115192
9.215359
9.315526
9.415693
9.515860
9.616027
9.716194
9.816360
9.916528
10.016695
10.116861
10.217029
10.317196
10.417362
10.517529
10.617697
10.717863
10.818030
10.918198
11.018364
11.118531
11.218699
11.318865
11.419032
11.519198
11.619366
11.719533
11.819699
11.919867
12.020034
12.120200
12.220367
12.320535
12.420701
12.520868
12.621036
12.721202
12.821369
12.921536
13.021703
13.121870
13.222037
13.322204
13.422371
13.522538
13.622705
13.722872
13.823039
13.923205
14.023373
14.123540
14.223706
14.323874
14.424040
14.524207
14.624374
14.724541
14.824708
14.924875
15.025042
15.125209
15.225376
15.325542
15.425710
15.525877
15.626043
15.726211
15.826378
15.926544
16.026711
16.126879
16.227045
16.327211
16.427380
16.527546
16.627712
16.727880
16.828047
16.928213
17.028381
17.128548
17.228714
17.328882
17.429049
17.529215
17.629383
17.729549
17.829716
17.929884
18.030050
18.130217
18.230385
18.330551
18.430717
18.530886
18.631052
18.731218
18.831387
18.931553
19.031719
19.131887
19.232054
19.332220
19.432388
19.532555
19.632721
19.732889
19.833055
19.933222
20.033390
20.133556
20.233723
20.333891
20.434057
20.534224
20.634392
20.734558
20.834724
20.934893
21.035059
21.135225
21.235394
21.335560
21.435726
21.535894
21.636061
21.736227
21.836395
21.936562
22.036728
22.136896
22.237062
22.337229
22.437397
22.537563
22.637730
22.737896
22.838064
22.938231
23.038397
23.138565
23.238731
23.338898
23.439066
23.539232
23.639399
23.739567
23.839733
23.939899
24.040068
24.140234
24.240400
24.340569
24.440735
24.540901
24.641069
24.741236
24.841402
24.941570
25.041737
25.141903
25.242071
25.342237
25.442404
25.542572
25.642738
25.742905
25.843073
25.943239
26.043406
26.143574
26.243740
26.343906
26.444075
26.544241
26.644407
26.744576
26.844742
26.944908
27.045076
27.145243
27.245409
27.345577
27.445744
27.545910
27.646078
27.746244
27.846411
27.946579
28.046745
28.146912
28.247080
28.347246
28.447412
28.547581
28.647747
28.747913
28.848080
28.948248
29.048414
29.148581
29.248749
29.348915
29.449081
29.549250
29.649416
29.749582
29.849751
29.949917
30.050083
30.150251
30.250418
30.350584
30.450752
30.550919
30.651085
30.751253
30.851419
30.951586
31.051754
31.151920
31.252087
31.352255
31.452421
31.552588
31.652756
31.752922
31.853088
31.953257
32.053421
32.153591
32.253757
32.353924
32.454090
32.554256
32.654423
32.754593
32.854759
32.954926
33.055092
33.155258
33.255424
33.355595
33.455761
33.555927
33.656094
33.756260
33.856426
33.956596
34.056763
34.156929
34.257095
34.357262
34.457428
34.557598
34.657764
34.757931
34.858097
34.958263
35.058430
35.158600
35.258766
35.358932
35.459099
35.559265
35.659431
35.759602
35.859768
35.959934
36.060101
36.160267
36.260433
36.360603
36.460770
36.560936
36.661102
36.761269
36.861435
36.961605
37.061771
37.161938
37.262104
37.362270
37.462437
37.562607
37.662773
37.762939
37.863106
37.963272
38.063438
38.163609
38.263775
38.363941
38.464108
38.564274
38.664440
38.764606
38.864777
38.964943
39.065109
39.165276
39.265442
39.365608
39.465778
39.565945
39.666111
39.766277
39.866444
39.966610
40.066780
40.166946
40.267113
40.367279
40.467445
40.567612
40.667782
40.767948
40.868114
40.968281
41.068447
41.168613
41.268784
41.368950
41.469116
41.569283
41.669449
41.769615
41.869785
41.969952
42.070118
42.170284
42.270451
42.370617
42.470787
42.570953
42.671120
42.771286
42.871452
42.971619
43.071789
43.171955
43.272121
43.372288
43.472454
43.572620
43.672791
43.772957
43.873123
43.973289
44.073456
44.173622
44.273792
44.373959
44.474125
44.574291
44.674458
44.774624
44.874794
44.974960
45.075127
45.175293
45.275459
45.375626
45.475792
45.575962
45.676128
45.776295
45.876461
45.976627
46.076794
46.176964
46.277130
46.377296
46.477463
46.577629
46.677795
46.777966
46.878132
46.978298
47.078465
47.178631
47.278797
47.378967
47.479134
47.579300
47.679466
47.779633
47.879799
47.979969
48.080135
48.180302
48.280468
48.380634
48.480801
48.580971
48.681137
48.781303
48.881470
48.981636
49.081802
49.181973
49.282139
49.382305
49.482471
49.582638
49.682804
49.782974
49.883141
49.983307
50.083473
50.183640
50.283806
50.383976
50.484142
50.584309
50.684475
50.784641
50.884808
50.984978
51.085144
51.185310
51.285477
51.385643
51.485809
51.585976
51.686146
51.786312
51.886478
51.986645
52.086811
52.186977
52.287148
52.387314
52.487480
52.587646
52.687813
52.787979
52.888149
52.988316
53.088482
53.188648
53.288815
53.388981
53.489151
53.589317
53.689484
53.789650
53.889816
53.989983
54.090153
54.190319
54.290485
54.390652
54.490818
54.590984
54.691154
54.791321
54.891487
54.991653
55.091820
55.191986
55.292156
55.392323
55.492489
55.592655
55.692822
55.792988
55.893158
55.993324
56.093491
56.193657
56.293823
56.393990
56.494160
56.594326
56.694492
56.794659
56.894825
56.994991
57.095161
57.195328
57.295494
57.395660
57.495827
57.595993
57.696159
57.796329
57.896496
57.996662
58.096828
58.196995
58.297161
58.397331
58.497498
58.597664
58.697830
58.797997
58.898163
58.998333
59.098499
59.198666
59.298832
59.398998
59.499165
59.599335
59.699501
59.799667
59.899834
60.000000
