0.00000000000000000000
1.22448979591836737413
2.44897959183673474826
3.67346938775510212238
4.89795918367346949651
6.12244897959183731473
7.34693877551020424477
8.57142857142857117481
9.79591836734693899302
11.02040816326530681124
12.24489795918367462946
13.46938775510204067132
14.69387755102040848953
15.91836734693877630775
17.14285714285714234961
18.36734693877551194419
19.59183673469387798605
20.81632653061224402791
22.04081632653061362248
23.26530612244897966434
24.48979591836734925892
25.71428571428571530078
26.93877551020408134264
28.16326530612245093721
29.38775510204081697907
30.61224489795918302093
31.83673469387755261550
33.06122448979591865736
34.28571428571428469922
35.51020408163265074108
36.73469387755102388837
37.95918367346938993023
39.18367346938775597209
40.40816326530612201395
41.63265306122448805581
42.85714285714286120310
44.08163265306122724496
45.30612244897959328682
46.53061224489795932868
47.75510204081632537054
48.97959183673469851783
50.20408163265306455969
51.42857142857143060155
52.65306122448979664341
53.87755102040816268527
55.10204081632652872713
56.32653061224490187442
57.55102040816326791628
58.77551020408163395814
60.00000000000000000000
